# BRON: KONINKLIJK NEDERLANDS METEOROLOGISCH INSTITUUT (KNMI)
# Opmerking: door stationsverplaatsingen en veranderingen in waarneemmethodieken zijn deze tijdreeksen van dagwaarden mogelijk inhomogeen! Dat betekent dat deze reeks van gemeten waarden niet geschikt is voor trendanalyse. Voor studies naar klimaatverandering verwijzen we naar de gehomogeniseerde reeks maandtemperaturen van De Bilt <http://www.knmi.nl/kennis-en-datacentrum/achtergrond/gehomogeniseerde-reeks-maandtemperaturen-de-bilt> of de Centraal Nederland Temperatuur <http://www.knmi.nl/kennis-en-datacentrum/achtergrond/centraal-nederland-temperatuur-cnt>.
#
#
# STN      LON(east)   LAT(north)     ALT(m)  NAME
# 249:         4.979       52.644      -2.40  BERKHOUT
#
# YYYYMMDD = Datum (YYYY=jaar MM=maand DD=dag);
# TG       = Etmaalgemiddelde temperatuur (in 0.1 graden Celsius);
# RH       = Etmaalsom van de neerslag (in 0.1 mm) (-1 voor <0.05 mm);
#
# STN,YYYYMMDD,   TG,   RH
#
  249,20170101,   25,    3
  249,20170102,   29,    8
  249,20170103,   55,    6
  249,20170104,   53,    6
  249,20170105,   -3,   22
  249,20170106,  -19,    3
  249,20170107,   13,   14
  249,20170108,   44,    0
  249,20170109,   52,   51
  249,20170110,   53,   11
  249,20170111,   71,    6
  249,20170112,   47,  189
  249,20170113,   34,   73
  249,20170114,   18,   59
  249,20170115,    4,   11
  249,20170116,  -11,    0
  249,20170117,  -26,    0
  249,20170118,  -30,   -1
  249,20170119,  -23,    0
  249,20170120,  -13,    0
  249,20170121,   15,    0
  249,20170122,  -12,    0
  249,20170123,   -1,    4
  249,20170124,    2,    5
  249,20170125,   -7,    0
  249,20170126,  -11,    0
  249,20170127,    7,    0
  249,20170128,   44,    0
  249,20170129,   44,   21
  249,20170130,   40,   43
  249,20170131,   32,    0
  249,20170201,   29,    9
  249,20170202,   72,    6
  249,20170203,   74,   -1
  249,20170204,   50,   87
  249,20170205,   40,   16
  249,20170206,   34,    3
  249,20170207,   12,   19
  249,20170208,   -8,   15
  249,20170209,  -20,    1
  249,20170210,  -24,   -1
  249,20170211,   -6,   25
  249,20170212,   -3,   26
  249,20170213,   10,    0
  249,20170214,   20,    0
  249,20170215,   53,   -1
  249,20170216,   62,    0
  249,20170217,   68,    1
  249,20170218,   45,    0
  249,20170219,   68,    7
  249,20170220,   90,   13
  249,20170221,   84,   11
  249,20170222,   82,  116
  249,20170223,   72,  162
  249,20170224,   43,    2
  249,20170225,   58,   53
  249,20170226,   90,   12
  249,20170227,   82,   86
  249,20170228,   40,   47
  249,20170301,   55,    9
  249,20170302,   58,   58
  249,20170303,   55,    4
  249,20170304,   82,   28
  249,20170305,   71,   35
  249,20170306,   56,   -1
  249,20170307,   60,    0
  249,20170308,   59,  102
  249,20170309,   64,    3
  249,20170310,   60,    0
  249,20170311,   72,    0
  249,20170312,   80,    0
  249,20170313,   57,    0
  249,20170314,   79,    0
  249,20170315,   77,    0
  249,20170316,   93,    0
  249,20170317,   75,   56
  249,20170318,   85,   36
  249,20170319,  104,   13
  249,20170320,   95,   31
  249,20170321,   67,    0
  249,20170322,   70,    0
  249,20170323,   75,    0
  249,20170324,   72,    0
  249,20170325,   64,    0
  249,20170326,   69,    0
  249,20170327,   82,    0
  249,20170328,  102,    0
  249,20170329,  110,   14
  249,20170330,  146,   -1
  249,20170331,  131,    4
  249,20170401,   98,    1
  249,20170402,   96,    0
  249,20170403,   79,    0
  249,20170404,   92,    0
  249,20170405,   83,    0
  249,20170406,   73,   -1
  249,20170407,  100,    0
  249,20170408,   91,    0
  249,20170409,  122,    0
  249,20170410,   85,    0
  249,20170411,   91,    0
  249,20170412,   91,   14
  249,20170413,   76,    0
  249,20170414,   94,   12
  249,20170415,   85,   21
  249,20170416,   69,    8
  249,20170417,   57,    9
  249,20170418,   54,   19
  249,20170419,   39,    0
  249,20170420,   66,    0
  249,20170421,  103,    9
  249,20170422,   68,   -1
  249,20170423,   65,   -1
  249,20170424,   82,   63
  249,20170425,   50,   28
  249,20170426,   42,    3
  249,20170427,   58,   38
  249,20170428,   70,   11
  249,20170429,   71,    4
  249,20170430,  119,    0
  249,20170501,  105,   26
  249,20170502,  102,   23
  249,20170503,  103,    5
  249,20170504,   93,    5
  249,20170505,   92,   -1
  249,20170506,  114,    0
  249,20170507,  109,   -1
  249,20170508,   88,   -1
  249,20170509,   78,    0
  249,20170510,   83,    0
  249,20170511,  151,   -1
  249,20170512,  149,  124
  249,20170513,  136,   58
  249,20170514,  132,    5
  249,20170515,  149,   -1
  249,20170516,  191,    2
  249,20170517,  211,   -1
  249,20170518,  145,   12
  249,20170519,  129,   24
  249,20170520,  127,   34
  249,20170521,  134,    0
  249,20170522,  168,    0
  249,20170523,  143,    0
  249,20170524,  145,    0
  249,20170525,  154,    0
  249,20170526,  189,    0
  249,20170527,  218,    0
  249,20170528,  175,    0
  249,20170529,  187,   28
  249,20170530,  164,    0
  249,20170531,  150,    0
  249,20170601,  149,    0
  249,20170602,  183,   -1
  249,20170603,  170,   -1
  249,20170604,  148,    0
  249,20170605,  164,   -1
  249,20170606,  145,   55
  249,20170607,  137,    9
  249,20170608,  157,   23
  249,20170609,  153,  184
  249,20170610,  174,    0
  249,20170611,  189,    5
  249,20170612,  155,    0
  249,20170613,  152,    0
  249,20170614,  167,    0
  249,20170615,  193,   -1
  249,20170616,  157,    0
  249,20170617,  177,    0
  249,20170618,  196,    0
  249,20170619,  224,    0
  249,20170620,  188,    0
  249,20170621,  197,    0
  249,20170622,  209,   10
  249,20170623,  177,   -1
  249,20170624,  176,   30
  249,20170625,  168,   22
  249,20170626,  151,    0
  249,20170627,  168,   13
  249,20170628,  176,   51
  249,20170629,  171,   -1
  249,20170630,  162,   78
  249,20170701,  161,   12
  249,20170702,  153,   -1
  249,20170703,  163,   -1
  249,20170704,  168,    0
  249,20170705,  180,    0
  249,20170706,  191,   69
  249,20170707,  198,    5
  249,20170708,  174,   -1
  249,20170709,  163,    0
  249,20170710,  188,    1
  249,20170711,  178,    7
  249,20170712,  146,  156
  249,20170713,  146,    0
  249,20170714,  148,   51
  249,20170715,  167,   -1
  249,20170716,  175,   16
  249,20170717,  165,    0
  249,20170718,  185,    0
  249,20170719,  221,   -1
  249,20170720,  185,   94
  249,20170721,  178,    0
  249,20170722,  197,   20
  249,20170723,  159,   68
  249,20170724,  158,   65
  249,20170725,  165,   46
  249,20170726,  183,   26
  249,20170727,  176,   -1
  249,20170728,  173,   79
  249,20170729,  182,  172
  249,20170730,  183,    5
  249,20170731,  176,    1
  249,20170801,  177,    0
  249,20170802,  181,   29
  249,20170803,  186,    6
  249,20170804,  179,  152
  249,20170805,  155,   17
  249,20170806,  155,   29
  249,20170807,  158,    0
  249,20170808,  163,  143
  249,20170809,  162,    5
  249,20170810,  150,   -1
  249,20170811,  160,    2
  249,20170812,  166,   45
  249,20170813,  165,   30
  249,20170814,  187,    0
  249,20170815,  179,   37
  249,20170816,  170,    0
  249,20170817,  176,   25
  249,20170818,  166,   47
  249,20170819,  149,  126
  249,20170820,  145,   62
  249,20170821,  149,    0
  249,20170822,  176,   -1
  249,20170823,  188,   -1
  249,20170824,  175,    0
  249,20170825,  170,    0
  249,20170826,  173,   -1
  249,20170827,  170,    0
  249,20170828,  173,    0
  249,20170829,  195,   -1
  249,20170830,  163,  430
  249,20170831,  141,   25
  249,20170901,  132,    0
  249,20170902,  127,   -1
  249,20170903,  136,    0
  249,20170904,  172,    0
  249,20170905,  182,    1
  249,20170906,  155,   40
  249,20170907,  155,  152
  249,20170908,  148,  390
  249,20170909,  136,  108
  249,20170910,  144,   19
  249,20170911,  138,  352
  249,20170912,  141,   99
  249,20170913,  135,  162
  249,20170914,  117,  232
  249,20170915,  118,  128
  249,20170916,  118,   74
  249,20170917,  117,   94
  249,20170918,  124,   40
  249,20170919,  120,    0
  249,20170920,  140,    5
  249,20170921,  145,    0
  249,20170922,  120,    5
  249,20170923,  107,    0
  249,20170924,  117,    0
  249,20170925,  142,    0
  249,20170926,  120,    0
  249,20170927,  141,    0
  249,20170928,  154,  100
  249,20170929,  163,  114
  249,20170930,  126,   39
  249,20171001,  139,    1
  249,20171002,  151,   12
  249,20171003,  132,   -1
  249,20171004,  130,   10
  249,20171005,  128,  121
  249,20171006,  117,   55
  249,20171007,  129,   70
  249,20171008,  121,    4
  249,20171009,  128,   22
  249,20171010,  142,   -1
  249,20171011,  149,   60
  249,20171012,  129,    0
  249,20171013,  145,    0
  249,20171014,  151,    0
  249,20171015,  158,    0
  249,20171016,  180,   -1
  249,20171017,  128,    0
  249,20171018,  137,   -1
  249,20171019,  153,   26
  249,20171020,  137,  233
  249,20171021,  127,   45
  249,20171022,  114,  122
  249,20171023,  122,   10
  249,20171024,  151,   34
  249,20171025,  138,   -1
  249,20171026,  130,   -1
  249,20171027,  113,   15
  249,20171028,  129,    4
  249,20171029,   96,   21
  249,20171030,   80,    5
  249,20171031,  107,    4
  249,20171101,  119,   -1
  249,20171102,  100,    0
  249,20171103,   95,   -1
  249,20171104,  106,   43
  249,20171105,   70,   16
  249,20171106,   54,    6
  249,20171107,   43,    0
  249,20171108,   56,    1
  249,20171109,   86,   37
  249,20171110,   88,   47
  249,20171111,   65,   38
  249,20171112,   53,  116
  249,20171113,   65,    5
  249,20171114,   88,    7
  249,20171115,  101,   37
  249,20171116,   94,   24
  249,20171117,   58,   -1
  249,20171118,   69,   21
  249,20171119,   66,   48
  249,20171120,   80,  165
  249,20171121,  114,   37
  249,20171122,  114,    8
  249,20171123,  108,   44
  249,20171124,   61,   23
  249,20171125,   34,   53
  249,20171126,   51,   26
  249,20171127,   74,  121
  249,20171128,   56,   40
  249,20171129,   25,    7
  249,20171130,   13,   72
  249,20171201,    0,    1
  249,20171202,   -3,   -1
  249,20171203,   56,   10
  249,20171204,   69,   13
  249,20171205,   79,    0
  249,20171206,   84,    0
  249,20171207,   61,   99
  249,20171208,   27,  129
  249,20171209,   25,  179
  249,20171210,    6,  127
  249,20171211,    0,  119
  249,20171212,   18,   12
  249,20171213,   35,   79
  249,20171214,   38,   45
  249,20171215,   18,   17
  249,20171216,   27,   21
  249,20171217,   25,   37
  249,20171218,   51,    9
  249,20171219,   52,    0
  249,20171220,   73,    1
  249,20171221,   75,    6
  249,20171222,   68,    6
  249,20171223,   83,    2
  249,20171224,   83,    1
  249,20171225,   77,   -1
  249,20171226,   56,   14
  249,20171227,   49,  111
  249,20171228,   41,    3
  249,20171229,   30,   62
  249,20171230,   80,   51
  249,20171231,  100,   81
  249,20180101,   66,   29
